1909 1 -3.1
1909 2 2.5
1909 3 7.2
1909 4 8.8
1909 5 11.7
1909 6 14.7
1909 7 16.3
1909 8 16.2
1909 9 13.9
1909 10 9.4
1909 11 5.3
1909 12 0.5
1910 1 3.1
1910 2 1.6
1910 3 9.0
1910 4 10.0
1910 5 13.8
1910 6 16.8
1910 7 19.2
1910 8 15.3
1910 9 14.8
1910 10 10.0
1910 11 7.2
1910 12 4.2
1911 1 -2.3
1911 2 1.8
1911 3 5.6
1911 4 8.4
1911 5 11.6
1911 6 14.8
1911 7 18.9
1911 8 16.6
1911 9 13.8
1911 10 10.5
1911 11 3.5
1911 12 4.0
1912 1 1.6
1912 2 5.5
1912 3 6.1
1912 4 7.9
1912 5 14.2
1912 6 15.8
1912 7 16.3
1912 8 16.1
1912 9 13.6
1912 10 8.8
1912 11 5.8
1912 12 4.2
1913 1 -1.8
1913 2 1.6
1913 3 4.6
1913 4 10.7
1913 5 11.3
1913 6 14.7
1913 7 17.0
1913 8 18.1
1913 9 13.6
1913 10 8.7
1913 11 6.5
1913 12 4.6
1914 1 3.4
1914 2 4.2
1914 3 7.3
1914 4 10.9
1914 5 13.5
1914 6 14.1
1914 7 16.7
1914 8 17.3
1914 9 12.4
1914 10 10.2
1914 11 5.9
1914 12 1.6
1915 1 3.0
1915 2 5.0
1915 3 8.9
1915 4 10.2
1915 5 12.4
1915 6 15.3
1915 7 17.2
1915 8 19.0
1915 9 13.9
1915 10 8.9
1915 11 4.5
1915 12 3.4
1916 1 -5.9
1916 2 2.2
1916 3 5.1
1916 4 9.2
1916 5 11.5
1916 6 15.8
1916 7 16.2
1916 8 18.2
1916 9 14.7
1916 10 9.4
1916 11 4.3
1916 12 -0.1
1917 1 0.3
1917 2 0.3
1917 3 4.0
1917 4 7.0
1917 5 12.0
1917 6 13.5
1917 7 17.1
1917 8 18.3
1917 9 14.7
1917 10 9.3
1917 11 7.3
1917 12 2.3
1918 1 2.9
1918 2 2.5
1918 3 4.7
1918 4 9.8
1918 5 11.5
1918 6 16.5
1918 7 17.9
1918 8 16.7
1918 9 19.0
1918 10 10.6
1918 11 6.0
1918 12 3.9
1919 1 3.7
1919 2 3.0
1919 3 5.9
1919 4 9.8
1919 5 11.2
1919 6 14.3
1919 7 18.1
1919 8 17.7
1919 9 16.1
1919 10 7.7
1919 11 5.1
1919 12 1.5
1920 1 2.4
1920 2 4.6
1920 3 6.2
1920 4 8.5
1920 5 12.6
1920 6 15.6
1920 7 19.3
1920 8 19.3
1920 9 13.6
1920 10 8.2
1920 11 7.8
1920 12 4.1
1921 1 3.1
1921 2 4.4
1921 3 6.1
1921 4 9.5
1921 5 12.3
1921 6 15.3
1921 7 17.1
1921 8 17.3
1921 9 11.6
1921 10 10.8
1921 11 3.9
1921 12 1.0
1922 1 0.1
1922 2 -0.4
1922 3 4.4
1922 4 7.9
1922 5 12.5
1922 6 16.5
1922 7 17.9
1922 8 17.5
1922 9 14.8
1922 10 11.8
1922 11 5.6
1922 12 -1.1
1923 1 2.4
1923 2 1.0
1923 3 6.0
1923 4 11.2
1923 5 11.9
1923 6 16.8
1923 7 19.1
1923 8 18.9
1923 9 16.0
1923 10 12.6
1923 11 7.5
1923 12 2.7
1924 1 2.1
1924 2 5.9
1924 3 6.1
1924 4 8.8
1924 5 15.2
1924 6 15.2
1924 7 17.5
1924 8 17.3
1924 9 14.9
1924 10 10.1
1924 11 5.2
1924 12 0.1
1925 1 2.9
1925 2 6.2
1925 3 6.3
1925 4 10.8
1925 5 16.0
1925 6 16.4
1925 7 18.9
1925 8 17.6
1925 9 15.5
1925 10 9.3
1925 11 5.8
1925 12 6.7
1926 1 3.8
1926 2 5.7
1926 3 10.3
1926 4 13.1
1926 5 13.2
1926 6 17.0
1926 7 18.9
1926 8 18.2
1926 9 14.1
1926 10 12.2
1926 11 7.8
1926 12 2.3
1927 1 0.6
1927 2 4.0
1927 3 5.4
1927 4 8.5
1927 5 11.8
1927 6 17.2
1927 7 19.1
1927 8 19.0
1927 9 14.7
1927 10 10.3
1927 11 4.4
1927 12 -0.4
1928 1 2.5
1928 2 5.3
1928 3 8.0
1928 4 9.6
1928 5 15.7
1928 6 15.6
1928 7 18.9
1928 8 18.0
1928 9 14.7
1928 10 10.3
1928 11 6.7
1928 12 3.2
1929 1 -1.4
1929 2 0.6
1929 3 6.5
1929 4 8.1
1929 5 13.5
1929 6 15.7
1929 7 17.9
1929 8 17.7
1929 9 16.8
1929 10 12.3
1929 11 5.9
1929 12 2.0
1930 1 -3.6
1930 2 4.7
1930 3 7.4
1930 4 11.4
1930 5 12.5
1930 6 15.5
1930 7 18.3
1930 8 18.6
1930 9 15.5
1930 10 9.7
1930 11 5.9
1930 12 4.5
1931 1 6.2
1931 2 5.4
1931 3 7.4
1931 4 11.4
1931 5 14.6
1931 6 15.8
1931 7 19.0
1931 8 17.6
1931 9 14.4
1931 10 11.0
1931 11 4.1
1931 12 2.5
1932 1 0.9
1932 2 2.5
1932 3 6.4
1932 4 10.7
1932 5 13.2
1932 6 16.5
1932 7 15.9
1932 8 17.9
1932 9 15.4
1932 10 11.3
1932 11 7.5
1932 12 1.2
1933 1 2.1
1933 2 -0.4
1933 3 6.0
1933 4 9.4
1933 5 11.7
1933 6 14.5
1933 7 17.0
1933 8 19.8
1933 9 13.3
1933 10 10.5
1933 11 7.6
1933 12 1.8
1934 1 4.7
1934 2 7.5
1934 3 9.3
1934 4 13.6
1934 5 14.3
1934 6 16.0
1934 7 16.9
1934 8 18.6
1934 9 14.1
1934 10 12.1
1934 11 8.1
1934 12 3.4
1935 1 -1.2
1935 2 6.3
1935 3 4.4
1935 4 9.3
1935 5 13.0
1935 6 15.1
1935 7 17.6
1935 8 17.8
1935 9 16.8
1935 10 9.7
1935 11 4.7
1935 12 6.3
1936 1 3.5
1936 2 -3.3
1936 3 4.0
1936 4 11.0
1936 5 14.4
1936 6 16.8
1936 7 17.1
1936 8 18.1
1936 9 14.5
1936 10 12.3
1936 11 6.7
1936 12 3.9
1937 1 -4.1
1937 2 0.2
1937 3 8.3
1937 4 7.8
1937 5 13.1
1937 6 16.6
1937 7 17.8
1937 8 17.0
1937 9 15.9
1937 10 12.8
1937 11 6.5
1937 12 2.9
1938 1 3.1
1938 2 4.0
1938 3 7.1
1938 4 10.8
1938 5 13.7
1938 6 16.3
1938 7 19.3
1938 8 17.0
1938 9 17.2
1938 10 12.5
1938 11 5.7
1938 12 3.1
1939 1 4.3
1939 2 1.3
1939 3 7.1
1939 4 10.5
1939 5 13.5
1939 6 14.1
1939 7 17.7
1939 8 19.3
1939 9 15.8
1939 10 10.8
1939 11 8.7
1939 12 6.7
1940 1 4.5
1940 2 5.2
1940 3 8.7
1940 4 11.7
1940 5 14.8
1940 6 16.6
1940 7 17.6
1940 8 18.5
1940 9 18.0
1940 10 12.4
1940 11 4.5
1940 12 5.2
1941 1 5.1
1941 2 7.8
1941 3 10.9
1941 4 11.7
1941 5 13.2
1941 6 16.0
1941 7 20.4
1941 8 18.3
1941 9 13.8
1941 10 11.0
1941 11 7.5
1941 12 4.4
1942 1 4.3
1942 2 5.3
1942 3 6.9
1942 4 11.1
1942 5 13.4
1942 6 15.6
1942 7 20.0
1942 8 20.1
1942 9 16.0
1942 10 11.7
1942 11 5.8
1942 12 3.6
1943 1 -3.1
1943 2 6.2
1943 3 5.2
1943 4 11.1
1943 5 11.8
1943 6 15.8
1943 7 18.0
1943 8 16.9
1943 9 17.1
1943 10 11.4
1943 11 7.7
1943 12 4.2
1944 1 3.4
1944 2 4.7
1944 3 5.9
1944 4 10.4
1944 5 13.0
1944 6 15.9
1944 7 18.2
1944 8 17.2
1944 9 17.0
1944 10 13.9
1944 11 7.1
1944 12 3.5
1945 1 4.4
1945 2 4.7
1945 3 5.8
1945 4 8.1
1945 5 14.1
1945 6 14.8
1945 7 17.7
1945 8 18.3
1945 9 14.0
1945 10 11.0
1945 11 4.0
1945 12 3.1
1946 1 3.4
1946 2 4.0
1946 3 6.3
1946 4 8.8
1946 5 14.7
1946 6 15.0
1946 7 17.9
1946 8 18.2
1946 9 15.2
1946 10 9.0
1946 11 3.4
1946 12 2.4
1947 1 -0.1
1947 2 5.6
1947 3 8.7
1947 4 11.3
1947 5 15.1
1947 6 15.6
1947 7 17.2
1947 8 17.4
1947 9 15.4
1947 10 11.0
1947 11 6.1
1947 12 4.1
1948 1 3.7
1948 2 2.0
1948 3 6.2
1948 4 8.7
1948 5 12.4
1948 6 18.3
1948 7 18.0
1948 8 17.7
1948 9 15.2
1948 10 11.3
1948 11 5.0
1948 12 0.3
1949 1 -1.3
1949 2 1.0
1949 3 7.2
1949 4 10.2
1949 5 15.2
1949 6 15.0
1949 7 16.9
1949 8 17.6
1949 9 17.0
1949 10 9.4
1949 11 10.1
1949 12 1.0
1950 1 -9.5
1950 2 2.2
1950 3 5.1
1950 4 8.6
1950 5 11.4
1950 6 16.9
1950 7 18.0
1950 8 18.4
1950 9 14.9
1950 10 9.7
1950 11 5.1
1950 12 5.5
1951 1 0.8
1951 2 2.7
1951 3 3.2
1951 4 11.5
1951 5 13.3
1951 6 16.9
1951 7 18.6
1951 8 17.6
1951 9 17.3
1951 10 11.0
1951 11 6.1
1951 12 0.0
1952 1 -1.8
1952 2 3.9
1952 3 5.8
1952 4 10.2
1952 5 13.5
1952 6 14.3
1952 7 17.9
1952 8 18.3
1952 9 16.6
1952 10 13.5
1952 11 6.4
1952 12 4.3
1953 1 3.7
1953 2 5.2
1953 3 6.3
1953 4 9.8
1953 5 13.2
1953 6 14.0
1953 7 18.0
1953 8 17.9
1953 9 15.4
1953 10 11.8
1953 11 8.1
1953 12 5.4
1954 1 -2.2
1954 2 5.1
1954 3 5.9
1954 4 7.7
1954 5 13.5
1954 6 14.0
1954 7 16.0
1954 8 16.2
1954 9 15.3
1954 10 10.7
1954 11 8.7
1954 12 4.4
1955 1 3.3
1955 2 2.3
1955 3 2.6
1955 4 7.7
1955 5 10.2
1955 6 14.9
1955 7 16.0
1955 8 16.7
1955 9 14.9
1955 10 10.0
1955 11 1.4
1955 12 0.7
1956 1 1.0
1956 2 0.4
1956 3 4.3
1956 4 11.4
1956 5 15.6
1956 6 14.2
1956 7 18.8
1956 8 18.1
1956 9 14.6
1956 10 9.0
1956 11 6.2
1956 12 3.3
1957 1 -2.9
1957 2 1.9
1957 3 6.6
1957 4 10.8
1957 5 15.3
1957 6 16.0
1957 7 16.4
1957 8 16.9
1957 9 17.7
1957 10 10.6
1957 11 6.6
1957 12 5.1
1958 1 5.3
1958 2 7.0
1958 3 7.7
1958 4 10.4
1958 5 15.6
1958 6 18.7
1958 7 21.8
1958 8 19.0
1958 9 14.9
1958 10 11.4
1958 11 5.2
1958 12 4.4
1959 1 1.9
1959 2 3.6
1959 3 6.1
1959 4 9.8
1959 5 12.5
1959 6 15.9
1959 7 18.6
1959 8 16.2
1959 9 14.2
1959 10 10.4
1959 11 4.4
1959 12 3.9
1960 1 1.5
1960 2 4.7
1960 3 6.1
1960 4 10.1
1960 5 11.9
1960 6 15.0
1960 7 18.8
1960 8 17.0
1960 9 15.2
1960 10 11.7
1960 11 6.1
1960 12 3.6
1961 1 5.4
1961 2 5.4
1961 3 7.1
1961 4 9.2
1961 5 13.4
1961 6 18.0
1961 7 19.9
1961 8 19.8
1961 9 14.0
1961 10 9.3
1961 11 4.6
1961 12 2.6
1962 1 2.5
1962 2 5.4
1962 3 5.2
1962 4 10.3
1962 5 11.1
1962 6 14.8
1962 7 17.1
1962 8 16.7
1962 9 15.6
1962 10 11.6
1962 11 7.4
1962 12 5.5
1963 1 -0.2
1963 2 7.4
1963 3 6.3
1963 4 9.1
1963 5 13.6
1963 6 15.2
1963 7 16.5
1963 8 18.6
1963 9 17.4
1963 10 11.5
1963 11 5.7
1963 12 3.8
1964 1 3.5
1964 2 4.2
1964 3 5.8
1964 4 8.0
1964 5 11.5
1964 6 14.5
1964 7 16.7
1964 8 16.7
1964 9 14.1
1964 10 12.1
1964 11 4.3
1964 12 -1.4
1965 1 1.2
1965 2 3.9
1965 3 7.2
1965 4 10.0
1965 5 11.2
1965 6 15.5
1965 7 18.7
1965 8 18.3
1965 9 14.4
1965 10 12.1
1965 11 6.9
1965 12 2.0
1966 1 0.1
1966 2 4.0
1966 3 6.4
1966 4 9.5
1966 5 12.7
1966 6 14.5
1966 7 16.8
1966 8 17.5
1966 9 16.1
1966 10 9.9
1966 11 6.4
1966 12 4.4
1967 1 3.0
1967 2 5.2
1967 3 5.1
1967 4 8.3
1967 5 12.5
1967 6 17.7
1967 7 17.8
1967 8 20.1
1967 9 16.8
1967 10 11.1
1967 11 7.5
1967 12 2.7
1968 1 2.3
1968 2 8.2
1968 3 8.0
1968 4 8.4
1968 5 13.7
1968 6 15.2
1968 7 19.2
1968 8 17.1
1968 9 15.1
1968 10 9.5
1968 11 6.4
1968 12 -0.2
1969 1 -5.6
1969 2 3.6
1969 3 7.2
1969 4 9.2
1969 5 15.1
1969 6 18.2
1969 7 17.2
1969 8 16.1
1969 9 15.0
1969 10 10.9
1969 11 7.3
1969 12 5.0
1970 1 1.7
1970 2 8.0
1970 3 7.2
1970 4 8.1
1970 5 12.4
1970 6 17.6
1970 7 18.0
1970 8 17.5
1970 9 13.8
1970 10 10.3
1970 11 5.6
1970 12 0.9
1971 1 0.5
1971 2 4.5
1971 3 4.3
1971 4 9.1
1971 5 13.5
1971 6 13.5
1971 7 18.6
1971 8 19.4
1971 9 14.1
1971 10 9.9
1971 11 6.2
1971 12 -0.7
1972 1 -1.1
1972 2 3.2
1972 3 7.0
1972 4 7.3
1972 5 14.8
1972 6 14.9
1972 7 18.8
1972 8 19.0
1972 9 13.2
1972 10 10.0
1972 11 7.2
1972 12 0.8
1973 1 0.9
1973 2 5.3
1973 3 7.0
1973 4 9.7
1973 5 13.6
1973 6 15.1
1973 7 17.3
1973 8 16.2
1973 9 16.0
1973 10 10.1
1973 11 3.1
1973 12 5.0
1974 1 2.1
1974 2 4.4
1974 3 6.2
1974 4 9.8
1974 5 10.8
1974 6 16.3
1974 7 16.9
1974 8 18.5
1974 9 18.3
1974 10 11.8
1974 11 6.8
1974 12 5.0
1975 1 1.6
1975 2 0.6
1975 3 5.6
1975 4 8.0
1975 5 13.2
1975 6 15.0
1975 7 19.0
1975 8 16.4
1975 9 17.1
1975 10 9.9
1975 11 5.5
1975 12 4.0
1976 1 3.9
1976 2 3.6
1976 3 3.8
1976 4 9.7
1976 5 12.6
1976 6 14.1
1976 7 17.0
1976 8 16.4
1976 9 16.7
1976 10 10.4
1976 11 7.9
1976 12 5.5
1977 1 2.4
1977 2 7.2
1977 3 6.2
1977 4 11.1
1977 5 11.5
1977 6 16.4
1977 7 16.7
1977 8 20.1
1977 9 14.1
1977 10 10.3
1977 11 4.6
1977 12 1.4
1978 1 2.9
1978 2 5.5
1978 3 8.2
1978 4 10.1
1978 5 12.7
1978 6 16.9
1978 7 18.6
1978 8 17.7
1978 9 14.2
1978 10 12.0
1978 11 3.0
1978 12 1.4
1979 1 -1.9
1979 2 2.1
1979 3 8.6
1979 4 9.4
1979 5 13.3
1979 6 15.2
1979 7 18.7
1979 8 18.4
1979 9 17.0
1979 10 11.8
1979 11 6.5
1979 12 5.0
1980 1 -0.4
1980 2 5.4
1980 3 5.8
1980 4 11.3
1980 5 13.0
1980 6 14.5
1980 7 17.5
1980 8 16.8
1980 9 14.9
1980 10 12.0
1980 11 7.2
1980 12 3.2
1981 1 7.0
1981 2 5.5
1981 3 8.7
1981 4 9.1
1981 5 13.1
1981 6 13.6
1981 7 17.8
1981 8 20.2
1981 9 15.6
1981 10 9.9
1981 11 8.0
1981 12 3.3
1982 1 -0.4
1982 2 3.2
1982 3 6.4
1982 4 8.7
1982 5 12.7
1982 6 17.6
1982 7 17.0
1982 8 17.6
1982 9 16.5
1982 10 11.2
1982 11 3.8
1982 12 4.0
1983 1 5.9
1983 2 6.6
1983 3 8.9
1983 4 10.6
1983 5 14.8
1983 6 15.5
1983 7 16.8
1983 8 18.4
1983 9 14.0
1983 10 9.7
1983 11 7.3
1983 12 -0.8
1984 1 4.5
1984 2 6.0
1984 3 8.8
1984 4 8.9
1984 5 11.1
1984 6 15.2
1984 7 18.2
1984 8 17.7
1984 9 14.4
1984 10 8.5
1984 11 4.9
1984 12 -1.0
1985 1 2.2
1985 2 2.1
1985 3 5.7
1985 4 9.6
1985 5 13.4
1985 6 15.5
1985 7 20.2
1985 8 18.1
1985 9 14.3
1985 10 9.6
1985 11 -1.3
1985 12 2.4
1986 1 6.1
1986 2 3.2
1986 3 8.8
1986 4 8.4
1986 5 13.1
1986 6 16.6
1986 7 16.3
1986 8 19.9
1986 9 15.1
1986 10 12.1
1986 11 5.2
1986 12 4.1
1987 1 3.4
1987 2 6.4
1987 3 8.5
1987 4 11.4
1987 5 13.8
1987 6 16.7
1987 7 17.6
1987 8 18.6
1987 9 16.5
1987 10 12.1
1987 11 8.0
1987 12 2.3
1988 1 1.9
1988 2 5.0
1988 3 7.1
1988 4 10.2
1988 5 13.2
1988 6 15.2
1988 7 18.0
1988 8 18.0
1988 9 15.4
1988 10 12.5
1988 11 6.6
1988 12 4.7
1989 1 2.5
1989 2 0.1
1989 3 5.8
1989 4 12.5
1989 5 13.0
1989 6 17.2
1989 7 17.6
1989 8 17.6
1989 9 17.2
1989 10 11.1
1989 11 7.3
1989 12 5.1
1990 1 4.0
1990 2 2.0
1990 3 8.2
1990 4 11.6
1990 5 12.9
1990 6 15.7
1990 7 20.2
1990 8 19.9
1990 9 17.7
1990 10 9.2
1990 11 6.7
1990 12 -0.7
1991 1 0.1
1991 2 8.2
1991 3 5.9
1991 4 10.5
1991 5 12.7
1991 6 14.9
1991 7 18.9
1991 8 18.7
1991 9 16.9
1991 10 10.5
1991 11 7.1
1991 12 5.5
1992 1 5.6
1992 2 7.8
1992 3 10.8
1992 4 11.4
1992 5 15.2
1992 6 17.9
1992 7 18.9
1992 8 19.0
1992 9 14.2
1992 10 11.6
1992 11 6.8
1992 12 1.3
1993 1 -0.6
1993 2 4.9
1993 3 8.2
1993 4 10.2
1993 5 16.3
1993 6 15.7
1993 7 16.9
1993 8 18.8
1993 9 16.4
1993 10 13.0
1993 11 4.0
1993 12 4.5
1994 1 6.8
1994 2 2.8
1994 3 9.0
1994 4 11.5
1994 5 14.9
1994 6 15.3
1994 7 19.1
1994 8 19.0
1994 9 17.0
1994 10 11.1
1994 11 4.1
1994 12 3.1
1995 1 4.1
1995 2 6.2
1995 3 7.4
1995 4 10.7
1995 5 15.9
1995 6 17.5
1995 7 19.1
1995 8 16.8
1995 9 18.3
1995 10 10.7
1995 11 8.1
1995 12 3.8
1996 1 0.5
1996 2 5.5
1996 3 7.3
1996 4 10.6
1996 5 11.5
1996 6 15.8
1996 7 19.7
1996 8 18.6
1996 9 14.4
1996 10 10.4
1996 11 4.2
1996 12 -0.3
1997 1 2.4
1997 2 5.5
1997 3 6.2
1997 4 10.2
1997 5 15.5
1997 6 15.9
1997 7 18.1
1997 8 20.2
1997 9 17.0
1997 10 10.4
1997 11 8.3
1997 12 4.6
1998 1 2.1
1998 2 6.7
1998 3 8.1
1998 4 10.6
1998 5 14.2
1998 6 17.0
1998 7 20.1
1998 8 19.2
1998 9 17.0
1998 10 11.4
1998 11 7.2
1998 12 2.6
1999 1 4.2
1999 2 4.2
1999 3 6.1
1999 4 9.6
1999 5 11.3
1999 6 14.5
1999 7 17.4
1999 8 18.8
1999 9 15.6
1999 10 10.7
1999 11 7.1
1999 12 5.1